lastAccountName: TheDarkAsd
timestamps:
  login: 1616001183143
  logout: 1616001211122
ipAddress: 186.22.238.70
money: '0.0'
logoutlocation:
  world: Survival
  x: 695.7965423262231
  y: 90.0
  z: 219.20667694939422
  yaw: 119.44658
  pitch: 62.736988
