lastAccountName: ImDeelis
timestamps:
  login: 1615990263276
  logout: 1615990386281
ipAddress: 176.86.232.133
logoutlocation:
  world: world
  x: 40.90038069677575
  y: 47.0
  z: 64.92128798696652
  yaw: -92.699844
  pitch: 5.850003
