lastAccountName: Lucas_YTPRO123
timestamps:
  login: 1616182781455
  logout: 1616182811486
ipAddress: 45.178.0.184
logoutlocation:
  world: world
  x: 0.46875522525879365
  y: 50.0
  z: 0.5257768590240784
  yaw: 32.70026
  pitch: 10.050002
