lastAccountName: Yscx
timestamps:
  login: 1617989366627
  logout: 1617989390662
ipAddress: 127.0.0.1
logoutlocation:
  world: world
  x: -24.337657827970716
  y: 46.0
  z: 56.09313816945433
  yaw: 230.04396
  pitch: 7.189251
