lastAccountName: octanan
timestamps:
  login: 1616185287886
  logout: 1616185395188
  lastteleport: 1616185334365
ipAddress: 181.224.191.203
logoutlocation:
  world: Survival_plots
  x: -2.479754498747101
  y: 38.0
  z: 4.846842842668408
  yaw: 41.821045
  pitch: 20.849997
lastlocation:
  world: world
  x: -2.0453076726188337
  y: 50.0
  z: 13.229351888702418
  yaw: 218.70029
  pitch: 11.850004
