lastAccountName: ImToxico_x
timestamps:
  login: 1615824658453
  lastteleport: 1615824707330
  logout: 1615824748161
ipAddress: 190.233.13.9
lastlocation:
  world: world
  x: 0.691342400910151
  y: 47.0
  z: 22.756203677198243
  yaw: 1.3679817
  pitch: 13.394818
logoutlocation:
  world: world_the_end
  x: 67.93784289614285
  y: 62.0
  z: -3.052300511859241
  yaw: 68.8332
  pitch: 41.943127
