lastAccountName: SirWorldBan
timestamps:
  login: 1615831559204
  lastteleport: 1615832055543
  kits:
    pvp: 1615831686033
  logout: 1615833109342
ipAddress: 181.177.14.32
lastlocation:
  world: world
  x: 19.265708423500442
  y: 45.0
  z: 78.79954969668746
  yaw: -62.000946
  pitch: 20.032007
logoutlocation:
  world: Survival_plots
  x: -108.70010544082083
  y: 24.0
  z: -144.69999998807907
  yaw: 183.40686
  pitch: 35.98274
