socialspy: false
lastAccountName: Meahauf3240
timestamps:
  login: 1615862610262
  logout: 1615862616158
ipAddress: 181.64.223.149
logoutlocation:
  world: world
  x: 0.46875522525879365
  y: 50.0
  z: 0.5257768590240784
  yaw: 2.71672E-4
  pitch: -1.6499976
