lastAccountName: rubencraft2006
timestamps:
  login: 1616612057996
  lastteleport: 1616604673218
  logout: 1616612215922
ipAddress: 127.0.0.1
lastlocation:
  world: world_the_end
  x: 74.28201057667897
  y: 60.0
  z: 3.80805030565691
  yaw: 338.8502
  pitch: 3.2999773
money: '118.0'
logoutlocation:
  world: Survival
  x: 1456.4116416476274
  y: 71.0
  z: 285.61767866086865
  yaw: 126.27478
  pitch: 10.35015
