lastAccountName: SouzayMusic
timestamps:
  login: 1616018257633
  logout: 1616018270624
ipAddress: 45.7.255.139
logoutlocation:
  world: world
  x: 0.46875522525879365
  y: 50.0
  z: 0.5257768590240784
  yaw: 2.71672E-4
  pitch: -1.6499976
