lastAccountName: kevinlevin
timestamps:
  login: 1615834943215
  logout: 1615834944558
ipAddress: 201.183.5.184
socialspy: false
logoutlocation:
  world: world
  x: 0.46875522525879365
  y: 50.0
  z: 0.5257768590240784
  yaw: 2.71672E-4
  pitch: -1.6499976
