socialspy: false
lastAccountName: The_Sword01
timestamps:
  login: 1615906961649
  logout: 1615906971292
ipAddress: 138.117.13.146
logoutlocation:
  world: world
  x: 0.46875522525879365
  y: 50.0
  z: 0.5257768590240784
  yaw: 2.71672E-4
  pitch: -1.6499976
lastlocation:
  world: world
  x: 0.46875522525879365
  y: 50.0
  z: 0.5257768590240784
  yaw: 2.71672E-4
  pitch: -1.6499976
