lastAccountName: LordOfGod
timestamps:
  login: 1616187087210
  logout: 1616187112015
ipAddress: 90.165.179.157
logoutlocation:
  world: world
  x: -9.152089147173843
  y: 47.0
  z: 70.69999998807907
  yaw: 17.066376
  pitch: 17.46101
