lastAccountName: Tomy_x
timestamps:
  login: 1617377610247
  lastteleport: 1616779624590
  logout: 1617377626577
ipAddress: 127.0.0.1
lastlocation:
  world: Survival
  x: -21.699999988079067
  y: 68.0
  z: 53.293963375319734
  yaw: -167.59027
  pitch: 30.28732
logoutlocation:
  world: world
  x: 6.48458180872337
  y: 50.0
  z: 7.204489222752192
  yaw: -243.8938
  pitch: 22.105545
