lastAccountName: jesus52
timestamps:
  login: 1617923712990
  logout: 1617923727467
ipAddress: 127.0.0.1
logoutlocation:
  world: world
  x: 2.218198712472138
  y: 50.0
  z: 16.13865297396788
  yaw: 31.500257
  pitch: 6.3000054
