lastAccountName: sebastian3663633
timestamps:
  login: 1616185325583
  logout: 1616185425484
ipAddress: 181.224.186.45
logoutlocation:
  world: world
  x: -13.45780970495322
  y: 45.0
  z: 41.50613977658001
  yaw: 181.35028
  pitch: 14.2500305
