lastAccountName: Hiro_
timestamps:
  login: 1616084985582
  logout: 1616085015662
ipAddress: 138.117.13.146
logoutlocation:
  world: world
  x: 0.46875522525879365
  y: 50.0
  z: 0.5257768590240784
  yaw: 2.71672E-4
  pitch: -1.6499976
