lastAccountName: Samm_
timestamps:
  login: 1615765912383
  logout: 1615766298291
ipAddress: 167.116.34.241
logoutlocation:
  world: world
  x: 3.1519340787546746
  y: 50.0
  z: 5.405354536126723
  yaw: 2.71672E-4
  pitch: -1.6499976
