lastAccountName: agustinzmal
timestamps:
  login: 1615826826115
  logout: 1615826881867
ipAddress: 190.78.242.78
socialspy: false
logoutlocation:
  world: world
  x: -2.3137701897163367
  y: 50.0
  z: 11.17076671108091
  yaw: 21.300268
  pitch: 7.8000054
