lastAccountName: HipnotiYT
timestamps:
  login: 1617419289603
  logout: 1617419311772
ipAddress: 127.0.0.1
logoutlocation:
  world: world
  x: -0.0056238633730413545
  y: 50.0
  z: 2.3520877530220368
  yaw: -2.2043164
  pitch: -12.071731
