lastAccountName: Masivo
timestamps:
  login: 1615960522416
  lastteleport: 1615960559191
  logout: 1615960649904
ipAddress: 186.69.85.82
lastlocation:
  world: world
  x: -2.7663921812775474
  y: 50.0
  z: 7.532536772322729
  yaw: 96.53947
  pitch: 36.499355
logoutlocation:
  world: world
  x: -37.67816908970605
  y: 47.0
  z: 74.42321813279375
  yaw: 290.18948
  pitch: 24.202652
