lastAccountName: Ballesito
timestamps:
  login: 1617255234947
  lastteleport: 1617253828488
  kits:
    pvp: 1617253531946
    user: 1617250807634
  logout: 1617255236949
ipAddress: 127.0.0.1
money: '8541.839999999995084'
lastlocation:
  world: Survival
  x: 5091.7534896749285
  y: 63.0
  z: 9693.659126894776
  yaw: -226.4993
  pitch: 3.000028
logoutlocation:
  world: Survival
  x: 6081.230085051087
  y: 68.0
  z: 5222.458167682538
  yaw: 266.40268
  pitch: -9.449998
