lastAccountName: lucas2020
timestamps:
  login: 1616801851091
  logout: 1616802069939
ipAddress: 127.0.0.1
logoutlocation:
  world: world
  x: 38.44062462741047
  y: 47.0
  z: 70.63640017520648
  yaw: 358.64972
  pitch: 13.499997
