lastAccountName: Simone2
timestamps:
  login: 1616216199131
  logout: 1616216211013
ipAddress: 87.221.254.121
logoutlocation:
  world: world
  x: 0.46875522525879365
  y: 50.0
  z: 0.5257768590240784
  yaw: 0.4502712
  pitch: -0.14999773
