lastAccountName: Code_Phyton
timestamps:
  login: 1615823842639
  logout: 1615824308308
ipAddress: 190.14.230.235
socialspy: false
logoutlocation:
  world: world
  x: 36.07406276091173
  y: 46.5
  z: 69.55418550327569
  yaw: -101.64917
  pitch: 10.952552
