lastAccountName: Spartano_12J
timestamps:
  login: 1618106857608
  logout: 1618107115118
  kits:
    user: 1618106877287
ipAddress: 127.0.0.1
logoutlocation:
  world: world
  x: 0.4507304523530178
  y: 50.0
  z: -1.0806554448461005
  yaw: -173.64832
  pitch: 6.349464
