socialspy: false
lastAccountName: juandagamer17
timestamps:
  login: 1615820409716
  logout: 1615820459345
ipAddress: 181.142.71.208
logoutlocation:
  world: world
  x: 34.77775870533858
  y: 46.0
  z: 28.233856765725992
  yaw: -356.24957
  pitch: 22.799995
