lastAccountName: _Vidak
timestamps:
  login: 1616136412091
  logout: 1616136442026
ipAddress: 45.178.2.184
logoutlocation:
  world: world
  x: 0.46875522525879365
  y: 50.0
  z: 0.5257768590240784
  yaw: 224.5502
  pitch: 53.400036
