lastAccountName: Luchootp11
timestamps:
  login: 1615969304841
  logout: 1615969920904
ipAddress: 45.7.255.139
logoutlocation:
  world: world
  x: -19.728754670107847
  y: 45.0
  z: 15.04593350863863
  yaw: -40.94969
  pitch: 8.849995
