lastAccountName: Hiro
timestamps:
  login: 1616119432517
  logout: 1616119447332
ipAddress: 138.117.13.146
logoutlocation:
  world: world
  x: 0.4582371709335719
  y: 50.0
  z: 0.9026314212107296
  yaw: 3.1502714
  pitch: -13.649995
