lastAccountName: azen5513
timestamps:
  login: 1618062988992
  lastteleport: 1618063054891
  logout: 1618063084635
ipAddress: 127.0.0.1
lastlocation:
  world: world
  x: 35.27838866399733
  y: 46.0
  z: 26.28829508440659
  yaw: 296.40222
  pitch: -4.010095
logoutlocation:
  world: world_pvp
  x: -10.506122636712993
  y: 58.0
  z: 50.62954067561348
  yaw: 162.16437
  pitch: -3.0000403
