world:
  X: 0.46875522525879365
  Y: 50.0
  Z: 0.5257768590240784
  Yaw: 2.71672E-4
  Pitch: -1.6499976
