world: world
x: 17.43591846572879
y: 45.0
z: 81.5137190328864
yaw: -50.461506
pitch: -0.299945
name: Drawers
