world: world
x: -24.873423662692588
y: 47.0
z: 82.09514251930801
yaw: -89.765
pitch: 6.14997
name: enchant
