world: world_the_end
x: 103.47267991032784
y: 49.0
z: 0.45856988584704794
yaw: -270.08405
pitch: -9.299988
name: End
