world: world
x: 49.43218337318787
y: 45.0
z: 103.48710348496388
yaw: -45.361206
pitch: 0.29998082
name: Food
