world: world
x: 69.46947109270465
y: 45.0
z: 39.530928779909964
yaw: -94.56138
pitch: -9.450007
name: Help
