world: world_nether
x: 0.556549209378887
y: 63.0
z: 0.5154764987632104
yaw: -269.06836
pitch: -2.2500062
name: Nether
