world: Survival_plots
x: 0.5003295631730613
y: 39.0
z: 0.5946761262973848
yaw: -179.27979
pitch: -2.0998309
name: parcelas
