world: Survival_plots
x: 0.499729275032028
y: 39.0
z: 0.4990853701498168
yaw: -179.42957
pitch: -3.4500003
name: Plots
