world: world
x: 37.55123940917679
y: 47.0
z: 65.49899314451419
yaw: -89.589355
pitch: -3.4500005
name: Portals
