world: world_pvp
x: -8.478122342573046
y: 58.0
z: 60.535417998204906
yaw: -179.68567
pitch: -2.6999927
name: PvP
