world: world
x: -25.507364246517877
y: 47.0
z: 70.41127901075413
yaw: -358.56104
pitch: -2.400001
name: shop
