world: Survival
x: 1.2214655301728732
y: 82.0
z: -7.101621204148602
yaw: -313.20804
pitch: 1.7999196
name: survival
